0.5973738927909306
0.7089893809423766
0.8392259360905269
0.8791954665588847
0.9004644201872145
0.8911712368377982
0.9022253027117219
0.9075402603421115
0.9106673589703635
0.9286957904364409
0.9253118508942809
0.907298997481326
0.9314747106765293
0.9424287390322594
0.8881361573014808
0.8522300659290691
0.8120082312595296
0.7590212661725406
0.8102824157127846
0.8112332317247212
0.8212857238298119
0.8355308480461237
0.7662513312483323
0.7448016007915466
0.7081124414109714
0.6781929715880702
0.7271083878110876
0.7243059618292366
0.7412821299049761
0.7433294410993232
0.7146383142533427
0.7122564714506415
0.6991825736414281
0.7434655705769633
0.7770237407263549
0.7702499317029827
0.7638079830441687
0.7541908849428921
0.7356875075282837
0.7104982718232213
0.751235588306907
0.7335400415224722
0.7403928340652353
0.7218590458210153
0.6779248486609618
0.6882777921529667
0.6789851496313895
0.7105880305998411
0.7062553687141776
0.7425438055772423
0.6868020201709008
0.7049030718428194
0.6923212874499483
0.6995224764353787
0.7165197716847601
0.7514118578814153
0.7294091406337981
0.7634182020774254
0.7666612558919884
0.7416493714344502
0.7339364471322669
0.7577481935060493
0.7323626049917249
0.683414445094192
0.7114651976527185
0.7491282746750406
0.7519893651330236
0.8742123271255615
0.8763158110150461
0.9114849624086153
0.9302557341291418
0.9388056387928785
0.8027180330914098
0.9524720087039067
0.9120232320937819
0.9308720070144143
0.8774845594659636
0.9066814822049448
0.9236127823120504
0.9318303245388312
0.9291869792980164
0.8298597761241928
0.9182432020671627
0.8434644350428542
0.950846819533978
0.8978701959157049
0.9415278022365418
0.9463223865980265
0.9577745744009527
0.9097122381590621
0.9615134624262457
0.8749569704241862
0.9075837792319328
0.9010627361168209
0.9158915910454624
0.8811386581039334
0.916417574512677
0.9098523855157782
0.9614337637695081
0.9335682562395053
0.9328820250869394
0.936659859424228
0.9486276068920964
0.09213974329022413
0.8775565980052389
0.8826608699634472
0.8576923870972383
0.8367630243547657
0.825015938012542
0.8231837077255653
0.8160232044138133
0.8495680002719387
0.8374844918931065
0.8390776518804492
0.8555899163087031
0.834026776898332
0.8036773470368851
0.7929729163165752
0.7859515324485229
0.7460307299407967
0.7729081560183971
0.6764604181132485
0.7805800664051269
0.6356491989329618
0.7582874750033636
0.7786507813869203
0.818850920274725
0.8186338424280413
0.6897343973542579
0.7281827657173031
0.7752816950672241
0.7880537678896324
0.705011478029277
0.7790662319323266
0.7489514949576077
0.6831072699341194
0.6344211009640485
0.7461239452033674
0.8058333409689022
0.8001299556838379
0.8067144616112629
0.8463144139175944
0.8567235076118257
0.8566605324835485
0.8221978435918514
0.8528092486154543
0.8317323117660941
0.782965457993552
0.7579516734123131
0.7578648063521136
0.773929961075811
0.745022957772613
0.7605762504280794
0.7517776730615043
0.741282080051806
0.6435069842045055
0.6544078155847671
0.6260389453816771
0.6459391333688189
0.6477863778511792
0.6359637305774974
0.6425601561248013
0.6531746130666983
0.6570172676235421
0.6272131803797691
0.5802984804036524
0.5686241902880473
0.5737770417968877
0.5407111862737054
0.5225418739152577
0.5488892575777875
0.518748566843053
0.511853949279629
0.5472222910716809
0.5254098391678084
0.4487579569392385
0.4533048794504123
0.45025515508685165
0.45600336243658623
0.4701412534631926
0.531136817127371
0.5022272505468249
0.5040794897681585
0.5658869303593086
0.5394024763157432
0.5213046382171059
0.5223664671744308
0.5337024772917529
0.5449970083677301
0.5527962144708821
0.522948282175026
0.508996218941601
0.5273949409427953
0.5544739617911816
0.5558644917020387
0.5685374604354964
0.5489708079053051
0.5269614047621362
0.5909163884030944
0.5913072425430653
0.5507825370164127
0.5007818757313737
0.47791757570177873
0.45801906658339725
0.42789895447269055
0.4252482407146827
0.49826918468618286
0.5310066931461457
0.5675952267571442
0.6333126030845442
0.6965483533779406
