0.002025127410888672
0.0019910335540771484
0.0020835399627685547
0.001512289047241211
0.002064943313598633
0.0015592575073242188
0.002123117446899414
0.0024428367614746094
0.0021479129791259766
0.002096414566040039
0.0019767284393310547
0.0014460086822509766
0.0019998550415039062
0.0014142990112304688
0.0015821456909179688
0.0019426345825195312
0.0020449161529541016
0.0022652149200439453
0.0021135807037353516
0.001531839370727539
0.0020902156829833984
0.0015444755554199219
0.002135038375854492
0.0021750926971435547
0.00212860107421875
0.002046346664428711
0.0020737648010253906
0.0015377998352050781
0.0021085739135742188
0.0015797615051269531
0.001994609832763672
0.002126932144165039
0.002110719680786133
0.002054452896118164
0.0019981861114501953
0.0013818740844726562
0.0020270347595214844
0.0013921260833740234
0.0020346641540527344
0.0020771026611328125
0.0019826889038085938
0.0020210742950439453
0.002017974853515625
0.0017464160919189453
0.0020203590393066406
0.0013413429260253906
0.002038717269897461
0.0020661354064941406
0.00208282470703125
0.0020530223846435547
0.002145528793334961
0.0015194416046142578
0.002177715301513672
0.0014483928680419922
0.0020627975463867188
0.0020093917846679688
0.002073526382446289
0.0020093917846679688
0.002341747283935547
0.0022430419921875
0.002216815948486328
0.002084970474243164
0.0021638870239257812
0.0020246505737304688
0.0020673274993896484
0.0020813941955566406
0.002413034439086914
0.0019817352294921875
0.002367734909057617
0.0024008750915527344
0.0025060176849365234
0.002393007278442383
0.002440929412841797
0.0025167465209960938
0.0021407604217529297
0.002002716064453125
0.0020046234130859375
0.002176523208618164
0.0022258758544921875
0.0022165775299072266
0.002122640609741211
0.0021376609802246094
0.0021514892578125
0.0022249221801757812
0.0021123886108398438
0.0015232563018798828
0.0021719932556152344
0.002079010009765625
0.001981019973754883
0.002192974090576172
0.002080202102661133
0.0015377998352050781
0.0015082359313964844
0.001398324966430664
0.002087831497192383
0.002104520797729492
0.0020418167114257812
0.002025604248046875
0.0020170211791992188
0.002212047576904297
0.0020973682403564453
0.0015337467193603516
0.0020830631256103516
0.002052783966064453
0.0019881725311279297
0.0020127296447753906
0.002203702926635742
0.0026848316192626953
0.002077341079711914
0.002279520034790039
0.0019767284393310547
0.0020356178283691406
0.0020236968994140625
0.0021038055419921875
0.002155780792236328
0.0014646053314208984
0.002071380615234375
0.0014848709106445312
0.002099275588989258
0.002094268798828125
0.00218963623046875
0.0020885467529296875
0.0021054744720458984
0.002027750015258789
0.0020294189453125
0.0014865398406982422
0.0021500587463378906
8.916854858398438e-05
0.00028061866760253906
9.036064147949219e-05
0.00011467933654785156
0.00012183189392089844
0.0002732276916503906
0.00022101402282714844
0.0005614757537841797
0.0005583763122558594
0.0005893707275390625
0.0005769729614257812
0.000568389892578125
0.0003490447998046875
0.0005900859832763672
0.0003380775451660156
0.0005927085876464844
0.0006644725799560547
0.0005850791931152344
0.0005865097045898438
0.0005807876586914062
0.0003349781036376953
0.0005748271942138672
0.00043845176696777344
0.0005536079406738281
0.0005648136138916016
0.0005729198455810547
0.00060272216796875
0.0005936622619628906
0.00036144256591796875
0.0005483627319335938
0.00034499168395996094
0.0005691051483154297
0.0005869865417480469
0.0005950927734375
0.0005917549133300781
0.0006146430969238281
0.0003609657287597656
0.0005571842193603516
0.0003616809844970703
0.0005745887756347656
0.0005896091461181641
0.0005712509155273438
0.0005743503570556641
0.0005745887756347656
0.00035262107849121094
0.0005681514739990234
0.0004394054412841797
0.0005574226379394531
0.0005636215209960938
0.0005691051483154297
0.0006012916564941406
0.0005958080291748047
0.0003535747528076172
0.0005376338958740234
0.0003113746643066406
0.0005440711975097656
0.0005693435668945312
0.000560760498046875
0.0005490779876708984
0.0005638599395751953
0.0003380775451660156
0.0005702972412109375
0.0003368854522705078
0.0005617141723632812
0.0005652904510498047
0.0005710124969482422
0.0005700588226318359
0.0005707740783691406
0.0003554821014404297
0.0005612373352050781
0.00041747093200683594
0.0005614757537841797
0.0004982948303222656
0.0005431175231933594
0.0005488395690917969
0.0005669593811035156
0.00033664703369140625
0.0005435943603515625
0.0005614757537841797
0.0005784034729003906
0.0005643367767333984
0.000530242919921875
0.0005404949188232422
0.0005290508270263672
