0.8270597399235283
0.8872948504116147
0.8436639867284546
0.7836022828373487
0.7910036000715315
0.8346834534849501
0.6875303559563775
0.5089954498655227
0.7971279800904155
0.7771876927119606
0.753621878134083
0.7372627187103137
0.6465600938116036
0.37997536075862265
0.3594740939815605
0.3295638874747919
0.34425989552720565
0.3514119887684694
0.35703771565968634
0.33771934530724346
0.3355290111717421
0.4345203674614356
0.35958143148471045
0.2897924800417096
0.27765231561117243
0.3021482864612204
0.3023349336267533
0.3432124833820966
0.36443748202887755
0.358945601142843
0.34556273706087753
0.27837232642533816
0.3891928741881471
0.40219572312505875
0.3830308292619348
0.38975459180455674
0.3945515111580614
0.4003767641022765
0.34113391902121964
0.4102888147786664
0.3908068247733356
0.3752103956826628
0.35594073794765363
0.32652332048753957
0.3442270091959702
0.3288841203778032
0.3397358342465836
0.3464964067951568
0.42786954315452
0.40067027552054835
0.4355684475022515
0.4327980537284263
0.4502005377800381
0.44250687530174077
0.44296480580460684
0.44835305591861435
0.44737148727728665
0.4542856227395009
0.4266569365921425
0.42975726884088716
0.4443381061865673
0.419703809152179
0.39968040310453345
0.43662825922928444
0.5262766527969551
0.5659477537870541
0.6380028397328796
0.4406224460155906
0.8064991331481811
0.715893370794982
0.7343715834580892
0.7635659484609423
0.711032327250738
0.6059457463705189
0.6221907436679174
0.6733437703641529
0.7919773680333431
0.6680375699452965
0.8021696390625562
0.7141181639937189
0.6401183685356074
0.6318906059504371
0.550185784437405
0.8313589672540393
0.7868623602757888
0.7204755965471097
0.6262123922912606
0.6794685208736805
0.7942547209989842
0.8569428398048409
0.6677519166366441
0.598679942517179
0.6767571904817998
0.5995988821363213
0.6034806871584666
0.6868995769016716
0.8176876349216546
0.7590594626474805
0.6436182769533906
0.6595449599924647
0.715472886964357
0.6457996085058753
0.43319274282842546
0.6003399792042898
0.5884013777626621
0.6102227203441686
0.6498956248443158
0.5989703320062897
0.5804525911116534
0.5949325808570382
0.6065868581017654
0.5058856106068502
0.5086303181037184
0.5682170537851446
0.5884567757905704
0.5933252502899748
0.5639999650728189
0.5440733286151839
0.5863352178000665
0.49269900608505096
0.3826640332092753
0.4384910353930157
0.1535137784373382
0.5212309491672142
0.42776768832109385
0.49355251814408185
0.1708740588628962
0.08116237140181717
0.42235111362328226
0.42360339527698054
0.42303793221706576
0.4182221565205555
0.4103643753281881
0.3941228667847788
0.4088514286842212
0.4070026157920272
0.4220495253500351
0.42548409630360867
0.44702225017598585
0.4688729159709691
0.5080464285628618
0.5047749327858525
0.5286423104777389
0.5243527155543063
0.507164926123058
0.467978737896396
0.44255540467721627
0.4212348642683254
0.41917821408650274
0.41574633947293116
0.411081346298403
0.42945291888460213
0.40622880999458305
0.41111837031127735
0.373851870140101
0.38563684949880933
0.3761396331717214
0.37084486606127715
0.3811722885103669
0.3601476047249931
0.35723160542808546
0.34757639395895845
0.3670652441194965
0.32132399845113235
0.31751506295043996
0.30288762964760485
0.29135480553728477
0.22429796069460753
0.19161620633140738
0.22236453931990308
0.23156660922065206
0.26890636590238476
0.32731210092458923
0.32666977910497286
0.24739958090193148
0.2510861119332872
0.2261876824133316
0.21738554449420908
0.24129830564062946
0.29996002132048016
0.28304363318543363
0.29948798372797497
0.3608157472799714
0.33950001441168975
0.3037310005152885
0.31452235731982925
0.3270932466226963
0.35307055515366387
0.3521447080193821
0.30806585777549655
0.29536298757949503
0.2878397090956658
0.2890905001375457
0.3137798793679674
0.31803498664924945
0.27332962634063496
0.31076342385800504
0.3084816596360218
0.30975621334600345
0.27176190255735727
0.23100484214346137
0.2272277495998737
0.2178515856728498
0.20129585456920313
0.20333727869890864
0.2299981195694642
0.24595109156381398
0.2634536526863997
0.33409901497880834
0.5048444859445018
