9.5367431640625e-07
4.76837158203125e-07
4.76837158203125e-07
2.384185791015625e-07
9.5367431640625e-07
9.5367431640625e-07
4.76837158203125e-07
9.5367431640625e-07
4.76837158203125e-07
4.76837158203125e-07
4.76837158203125e-07
4.76837158203125e-07
9.5367431640625e-07
7.152557373046875e-07
9.5367431640625e-07
7.152557373046875e-07
4.76837158203125e-07
4.76837158203125e-07
7.152557373046875e-07
4.76837158203125e-07
9.5367431640625e-07
4.76837158203125e-07
7.152557373046875e-07
7.152557373046875e-07
4.76837158203125e-07
9.5367431640625e-07
7.152557373046875e-07
9.5367431640625e-07
7.152557373046875e-07
9.5367431640625e-07
4.76837158203125e-07
4.76837158203125e-07
9.5367431640625e-07
7.152557373046875e-07
7.152557373046875e-07
4.76837158203125e-07
7.152557373046875e-07
4.76837158203125e-07
4.76837158203125e-07
7.152557373046875e-07
7.152557373046875e-07
7.152557373046875e-07
7.152557373046875e-07
7.152557373046875e-07
7.152557373046875e-07
4.76837158203125e-07
4.76837158203125e-07
9.5367431640625e-07
7.152557373046875e-07
4.76837158203125e-07
4.76837158203125e-07
9.5367431640625e-07
7.152557373046875e-07
7.152557373046875e-07
4.76837158203125e-07
4.76837158203125e-07
7.152557373046875e-07
7.152557373046875e-07
9.5367431640625e-07
4.76837158203125e-07
7.152557373046875e-07
4.76837158203125e-07
9.5367431640625e-07
7.152557373046875e-07
4.76837158203125e-07
7.152557373046875e-07
7.152557373046875e-07
7.152557373046875e-07
7.152557373046875e-07
7.152557373046875e-07
9.5367431640625e-07
7.152557373046875e-07
9.5367431640625e-07
7.152557373046875e-07
9.5367431640625e-07
7.152557373046875e-07
7.152557373046875e-07
7.152557373046875e-07
7.152557373046875e-07
7.152557373046875e-07
4.76837158203125e-07
4.76837158203125e-07
4.76837158203125e-07
7.152557373046875e-07
4.76837158203125e-07
4.76837158203125e-07
4.76837158203125e-07
4.76837158203125e-07
9.5367431640625e-07
4.76837158203125e-07
7.152557373046875e-07
4.76837158203125e-07
7.152557373046875e-07
4.76837158203125e-07
7.152557373046875e-07
7.152557373046875e-07
4.76837158203125e-07
7.152557373046875e-07
7.152557373046875e-07
7.152557373046875e-07
2.86102294921875e-06
4.76837158203125e-07
7.152557373046875e-07
7.152557373046875e-07
4.76837158203125e-07
4.76837158203125e-07
7.152557373046875e-07
7.152557373046875e-07
9.5367431640625e-07
7.152557373046875e-07
7.152557373046875e-07
7.152557373046875e-07
7.152557373046875e-07
7.152557373046875e-07
4.76837158203125e-07
7.152557373046875e-07
4.76837158203125e-07
4.76837158203125e-07
9.5367431640625e-07
4.76837158203125e-07
7.152557373046875e-07
4.76837158203125e-07
9.5367431640625e-07
4.76837158203125e-07
4.76837158203125e-07
4.76837158203125e-07
7.152557373046875e-07
4.76837158203125e-07
9.5367431640625e-07
7.152557373046875e-07
9.5367431640625e-07
4.76837158203125e-07
4.76837158203125e-07
4.76837158203125e-07
4.76837158203125e-07
4.76837158203125e-07
7.152557373046875e-07
4.76837158203125e-07
7.152557373046875e-07
2.384185791015625e-07
4.76837158203125e-07
7.152557373046875e-07
9.5367431640625e-07
4.76837158203125e-07
7.152557373046875e-07
4.76837158203125e-07
7.152557373046875e-07
7.152557373046875e-07
7.152557373046875e-07
7.152557373046875e-07
7.152557373046875e-07
7.152557373046875e-07
7.152557373046875e-07
7.152557373046875e-07
4.76837158203125e-07
4.76837158203125e-07
4.76837158203125e-07
7.152557373046875e-07
4.76837158203125e-07
4.76837158203125e-07
7.152557373046875e-07
9.5367431640625e-07
9.5367431640625e-07
9.5367431640625e-07
7.152557373046875e-07
7.152557373046875e-07
7.152557373046875e-07
7.152557373046875e-07
7.152557373046875e-07
9.5367431640625e-07
7.152557373046875e-07
7.152557373046875e-07
4.76837158203125e-07
7.152557373046875e-07
9.5367431640625e-07
4.76837158203125e-07
1.1920928955078125e-06
9.5367431640625e-07
9.5367431640625e-07
9.5367431640625e-07
4.76837158203125e-07
4.76837158203125e-07
7.152557373046875e-07
7.152557373046875e-07
7.152557373046875e-07
4.76837158203125e-07
7.152557373046875e-07
4.76837158203125e-07
7.152557373046875e-07
4.76837158203125e-07
4.76837158203125e-07
7.152557373046875e-07
7.152557373046875e-07
7.152557373046875e-07
9.5367431640625e-07
7.152557373046875e-07
7.152557373046875e-07
9.5367431640625e-07
7.152557373046875e-07
4.76837158203125e-07
7.152557373046875e-07
7.152557373046875e-07
7.152557373046875e-07
7.152557373046875e-07
4.76837158203125e-07
7.152557373046875e-07
7.152557373046875e-07
9.5367431640625e-07
7.152557373046875e-07
4.76837158203125e-07
